[gd_scene load_steps=13 format=3 uid="uid://42208mha75au"]

[ext_resource type="Texture2D" uid="uid://c8arnlq67qi7" path="res://assets/textures/grids/Dark/texture_05.png" id="1_jyhfs"]
[ext_resource type="Texture2D" uid="uid://b58xv1joypxo5" path="res://assets/textures/grids/Orange/texture_09.png" id="2_tbgi4"]
[ext_resource type="Texture2D" uid="uid://cm5m7nr7dugjd" path="res://assets/textures/grids/Purple/texture_09.png" id="3_tefeu"]
[ext_resource type="Texture2D" uid="uid://djg8y25y06h5n" path="res://assets/textures/grids/Green/texture_09.png" id="4_o6xl0"]
[ext_resource type="PackedScene" uid="uid://cjq33w681ysr4" path="res://scenes/player.tscn" id="5_tbgi4"]

[sub_resource type="ProceduralSkyMaterial" id="ProceduralSkyMaterial_gbfbk"]
sky_horizon_color = Color(0.662243, 0.671743, 0.686743, 1)
ground_horizon_color = Color(0.662243, 0.671743, 0.686743, 1)

[sub_resource type="Sky" id="Sky_ioo17"]
sky_material = SubResource("ProceduralSkyMaterial_gbfbk")

[sub_resource type="Environment" id="Environment_wse8f"]
background_mode = 2
sky = SubResource("Sky_ioo17")
tonemap_mode = 2
sdfgi_enabled = true
glow_enabled = true
fog_enabled = true
fog_light_color = Color(1, 1, 1, 1)
fog_density = 0.001

[sub_resource type="StandardMaterial3D" id="StandardMaterial3D_ic0uy"]
albedo_texture = ExtResource("1_jyhfs")
uv1_triplanar = true

[sub_resource type="StandardMaterial3D" id="StandardMaterial3D_k3n1d"]
albedo_texture = ExtResource("2_tbgi4")

[sub_resource type="StandardMaterial3D" id="StandardMaterial3D_2o6r5"]
albedo_texture = ExtResource("3_tefeu")
uv1_triplanar = true

[sub_resource type="StandardMaterial3D" id="StandardMaterial3D_70uel"]
albedo_texture = ExtResource("4_o6xl0")
uv1_triplanar = true

[node name="world" type="Node3D"]

[node name="DirectionalLight3D" type="DirectionalLight3D" parent="."]
transform = Transform3D(-0.866025, -0.433013, 0.25, 0, 0.5, 0.866025, -0.5, 0.75, -0.433013, 0, 0, 0)
shadow_enabled = true

[node name="WorldEnvironment" type="WorldEnvironment" parent="."]
environment = SubResource("Environment_wse8f")

[node name="map" type="Node3D" parent="."]

[node name="floor" type="CSGBox3D" parent="map"]
transform = Transform3D(1, 0, 0, 0, 1, 0, 0, 0, 1, 0, -0.518096, 0)
material_override = SubResource("StandardMaterial3D_ic0uy")
use_collision = true
size = Vector3(1000, 1, 1000)

[node name="box" type="CSGBox3D" parent="map"]
transform = Transform3D(0.834531, 0, -0.550961, 0, 1, 0, 0.550961, 0, 0.834531, 5.28383, 0.523348, 0)
material_override = SubResource("StandardMaterial3D_k3n1d")
use_collision = true

[node name="box2" type="CSGBox3D" parent="map"]
transform = Transform3D(0.834531, 0, -0.550961, 0, 1, 0, 0.550961, 0, 0.834531, -5.80637, 0.985209, -8.15884)
material_override = SubResource("StandardMaterial3D_2o6r5")
use_collision = true
size = Vector3(2, 2, 2)

[node name="box3" type="CSGBox3D" parent="map"]
transform = Transform3D(0.358482, 0, -0.933537, 0, 1, 0, 0.933537, 0, 0.358482, 10.1399, 1.51558, -15.8989)
material_override = SubResource("StandardMaterial3D_70uel")
use_collision = true
size = Vector3(3, 3, 3)

[node name="Player" parent="." instance=ExtResource("5_tbgi4")]
transform = Transform3D(1, 0, 0, 0, 1, 0, 0, 0, 1, 3.77794, -0.0163784, 4.07565)
